name: Doctr
channels:
  - microsoft
  - conda-forge
  - defaults
dependencies:
  - aiohttp=3.6.3=py36he774522_0
  - async-timeout=3.0.1=py36haa95532_0
  - attrs=21.4.0=pyhd3eb1b0_0
  - azure-common=1.1.27=pyhd8ed1ab_0
  - azure-core=2021.12.01=py_0
  - azure-identity=2021.05.03b1=py_0
  - backcall=0.2.0=pyh9f0ad1d_0
  - backports=1.0=py_2
  - backports.functools_lru_cache=1.6.4=pyhd8ed1ab_0
  - blinker=1.4=py36haa95532_0
  - brotlipy=0.7.0=py36h2bbff1b_1003
  - ca-certificates=2021.10.26=haa95532_2
  - certifi=2021.5.30=py36ha15d459_0
  - cffi=1.14.6=py36h2bbff1b_0
  - chardet=3.0.4=py36haa95532_1003
  - charset-normalizer=2.0.4=pyhd3eb1b0_0
  - click=8.0.1=py36ha15d459_0
  - colorama=0.4.4=pyh9f0ad1d_0
  - cryptography=3.4.7=py36h71e12ea_0
  - dataclasses=0.8=pyh787bdff_2
  - decorator=5.1.1=pyhd8ed1ab_0
  - entrypoints=0.3=pyhd8ed1ab_1003
  - flask=2.0.2=pyhd8ed1ab_0
  - idna=3.3=pyhd3eb1b0_0
  - idna_ssl=1.1.0=py36haa95532_0
  - importlib-metadata=4.8.1=py36ha15d459_0
  - ipykernel=5.5.5=py36hfacbf0b_0
  - ipython=7.16.1=py36h7b2dad6_2
  - ipython_genutils=0.2.0=py_1
  - isodate=0.6.0=pyhd3eb1b0_1
  - itsdangerous=2.0.1=pyhd8ed1ab_0
  - jedi=0.17.2=py36ha15d459_1
  - jinja2=3.0.3=pyhd8ed1ab_0
  - jupyter_client=7.1.1=pyhd8ed1ab_0
  - jupyter_core=4.8.1=py36ha15d459_0
  - libsodium=1.0.18=h8d14728_1
  - markupsafe=2.0.1=py36h68aa20f_0
  - msal=2021.12.01=py_0
  - msal-extensions=2021.05.03b1=py_0
  - msrest=2021.12.01=py_0
  - multidict=4.7.6=py36he774522_1
  - nest-asyncio=1.5.4=pyhd8ed1ab_0
  - oauthlib=3.1.1=pyhd3eb1b0_0
  - openssl=1.1.1m=h2bbff1b_0
  - parso=0.7.1=pyh9f0ad1d_0
  - pickleshare=0.7.5=py_1003
  - pip=21.3.1=pyhd8ed1ab_0
  - portalocker=2.3.0=py36haa95532_0
  - prompt-toolkit=3.0.24=pyha770c72_0
  - pycparser=2.21=pyhd3eb1b0_0
  - pygments=2.11.2=pyhd8ed1ab_0
  - pyjwt=2.1.0=py36haa95532_0
  - pyopenssl=21.0.0=pyhd3eb1b0_1
  - pysocks=1.7.1=py36haa95532_0
  - python=3.6.15=h39d44d4_0_cpython
  - python-dateutil=2.8.2=pyhd8ed1ab_0
  - python_abi=3.6=2_cp36m
  - pywin32=301=py36h68aa20f_0
  - pyzmq=22.3.0=py36h1d5d788_0
  - requests=2.27.1=pyhd3eb1b0_0
  - requests-oauthlib=1.3.0=py_0
  - setuptools=58.0.4=py36ha15d459_2
  - six=1.16.0=pyh6c4a22f_0
  - sqlite=3.37.0=h8ffe710_0
  - tornado=6.1=py36h68aa20f_1
  - traitlets=4.3.3=pyhd8ed1ab_2
  - typing_extensions=4.0.1=pyha770c72_0
  - ucrt=10.0.20348.0=h57928b3_0
  - urllib3=1.26.7=pyhd3eb1b0_0
  - vc=14.2=hb210afc_6
  - vs2015_runtime=14.29.30037=h902a5da_6
  - wcwidth=0.2.5=pyh9f0ad1d_2
  - werkzeug=2.0.1=pyhd8ed1ab_0
  - wheel=0.37.1=pyhd8ed1ab_0
  - win_inet_pton=1.1.0=py36haa95532_0
  - wincertstore=0.2=py36ha15d459_1006
  - yarl=1.6.3=py36h2bbff1b_0
  - zeromq=4.3.4=h0e60522_1
  - zipp=3.7.0=pyhd8ed1ab_0
  - pip:
    - azure-ai-textanalytics==5.2.0b1
    - azure-cognitiveservices-speech==1.19.0
    - boilerpy3==1.0.5
